32
968
840
18
56
33
986
840
18
56
34
92
840
21
56
35
307
112
33
56
36
340
112
33
56
37
890
56
35
56
38
350
56
36
56
39
476
952
14
56
40
512
840
19
56
41
531
840
19
56
42
135
784
26
56
43
315
0
41
56
44
1004
840
18
56
45
512
504
31
56
46
0
896
18
56
47
696
672
28
56
48
373
112
33
56
49
406
112
33
56
50
439
112
33
56
51
472
112
33
56
52
505
112
33
56
53
538
112
33
56
54
571
112
33
56
55
604
112
33
56
56
637
112
33
56
57
670
112
33
56
58
18
896
18
56
59
36
896
18
56
60
356
0
41
56
61
397
0
41
56
62
438
0
41
56
63
543
784
23
56
64
95
0
44
56
65
386
56
36
56
66
543
504
31
56
67
422
56
36
56
68
120
56
39
56
69
780
616
29
56
70
809
616
29
56
71
198
56
38
56
72
236
56
38
56
73
738
896
17
56
74
54
896
18
56
75
35
112
34
56
76
838
616
29
56
77
139
0
44
56
78
274
56
38
56
79
766
0
40
56
80
124
560
30
56
81
806
0
40
56
82
703
112
33
56
83
867
616
29
56
84
736
112
33
56
85
458
56
36
56
86
69
112
34
56
87
183
0
44
56
88
769
112
33
56
89
802
112
33
56
90
627
392
32
56
91
550
840
19
56
92
724
672
28
56
93
569
840
19
56
94
835
112
33
56
95
812
728
27
56
96
659
392
32
56
97
154
560
30
56
98
868
112
33
56
99
752
672
28
56
100
901
112
33
56
101
184
560
30
56
102
113
840
21
56
103
934
112
33
56
104
967
112
33
56
105
755
896
17
56
106
72
896
18
56
107
574
504
31
56
108
772
896
17
56
109
0
0
48
56
110
0
168
33
56
111
691
392
32
56
112
33
168
33
56
113
66
168
33
56
114
566
784
23
56
115
839
728
27
56
116
134
840
21
56
117
99
168
33
56
118
780
672
28
56
119
846
0
40
56
120
723
392
32
56
121
808
672
28
56
122
605
504
31
56
123
588
840
19
56
124
155
840
21
56
125
607
840
19
56
126
132
168
33
56
160
90
896
18
56
161
108
896
18
56
162
165
168
33
56
163
198
168
33
56
164
231
168
33
56
165
264
168
33
56
166
176
840
21
56
167
297
168
33
56
168
755
392
32
56
169
227
0
44
56
170
161
784
26
56
171
836
672
28
56
172
479
0
41
56
173
636
504
31
56
174
330
168
33
56
175
866
728
27
56
176
447
784
24
56
177
520
0
41
56
178
589
784
23
56
179
612
784
23
56
180
787
392
32
56
181
363
168
33
56
182
396
168
33
56
183
126
896
18
56
184
819
392
32
56
185
635
784
23
56
186
187
784
26
56
187
864
672
28
56
188
561
0
41
56
189
602
0
41
56
190
643
0
41
56
191
658
784
23
56
192
494
56
36
56
193
530
56
36
56
194
566
56
36
56
195
602
56
36
56
196
638
56
36
56
197
674
56
36
56
198
48
0
47
56
199
710
56
36
56
200
896
616
29
56
201
925
616
29
56
202
954
616
29
56
203
983
616
29
56
204
789
896
17
56
205
806
896
17
56
206
823
896
17
56
207
840
896
17
56
208
159
56
39
56
209
312
56
38
56
210
886
0
40
56
211
926
0
40
56
212
966
0
40
56
213
0
56
40
56
214
40
56
40
56
215
684
0
41
56
216
80
56
40
56
217
746
56
36
56
218
782
56
36
56
219
818
56
36
56
220
854
56
36
56
221
429
168
33
56
222
214
560
30
56
223
851
392
32
56
224
244
560
30
56
225
274
560
30
56
226
304
560
30
56
227
334
560
30
56
228
364
560
30
56
229
394
560
30
56
230
271
0
44
56
231
892
672
28
56
232
424
560
30
56
233
454
560
30
56
234
484
560
30
56
235
514
560
30
56
236
857
896
17
56
237
874
896
17
56
238
891
896
17
56
239
908
896
17
56
240
883
392
32
56
241
462
168
33
56
242
915
392
32
56
243
947
392
32
56
244
979
392
32
56
245
0
448
32
56
246
32
448
32
56
247
725
0
41
56
248
64
448
32
56
249
495
168
33
56
250
528
168
33
56
251
561
168
33
56
252
594
168
33
56
253
920
672
28
56
254
627
168
33
56
255
948
672
28
56
